"Zeit [s]" "CEM III (HZ) J/s" 1,8175300007211472
0 0 
3600 283,63 
7200 20,26 
10800 8,78 
14400 12,83 
18000 16,88 
21600 23,64 
25200 30,39 
28800 33,43 
32400 33,77 
36000 33,43 
39600 33,09 
43200 30,39 
46800 28,36 
50400 27,01 
54000 25,66 
57600 23,64 
61200 21,61 
64800 20,60 
68400 19,92 
72000 18,91 
75600 17,56 
79200 16,21 
82800 15,53 
86400 14,86 
90000 14,18 
93600 13,51 
97200 13,17 
100800 12,83 
104400 12,49 
108000 12,16 
111600 11,82 
115200 11,48 
118800 11,14 
122400 10,80 
126000 10,47 
129600 10,13 
133200 9,79 
136800 9,45 
140400 9,12 
144000 8,78 
147600 8,44 
151200 8,10 
154800 7,77 
158400 7,43 
162000 7,09 
165600 6,75 
169200 6,42 
172800 6,28 
176400 6,21 
180000 6,15 
183600 6,08 
187200 5,61 
190800 5,41 
194400 5,22 
198000 5,03 
201600 4,85 
205200 4,68 
208800 4,51 
212400 4,35 
216000 4,19 
219600 4,04 
223200 3,90 
226800 3,76 
230400 3,62 
234000 3,49 
237600 3,37 
241200 3,25 
244800 3,13 
248400 3,02 
252000 2,91 
255600 2,81 
259200 2,70 
262800 2,61 
266400 2,51 
270000 2,42 
273600 2,34 
277200 2,25 
280800 2,17 
284400 2,10 
288000 2,02 
291600 1,95 
295200 1,88 
298800 1,81 
302400 1,75 
306000 1,68 
309600 1,62 
313200 1,56 
316800 1,51 
320400 1,45 
324000 1,40 
327600 1,35 
331200 1,30 
334800 1,26 
338400 1,21 
342000 1,17 
345600 1,13 
349200 1,09 
352800 1,05 
356400 1,01 
360000 0,97 
363600 0,94 
367200 0,90 
370800 0,87 
374400 0,84 
378000 0,81 
381600 0,78 
385200 0,75 
388800 0,73 
392400 0,70 
396000 0,68 
399600 0,65 
403200 0,63 
406800 0,61 
410400 0,58 
414000 0,56 
417600 0,54 
421200 0,52 
424800 0,50 
428400 0,49 
432000 0,47 
435600 0,45 
439200 0,44 
442800 0,42 
446400 0,41 
450000 0,39 
453600 0,38 
457200 0,36 
460800 0,35 
464400 0,34 
468000 0,33 
471600 0,31 
475200 0,30 
478800 0,29 
482400 0,28 
486000 0,27 
489600 0,26 
493200 0,25 
496800 0,24 
500400 0,23 
504000 0,23 
507600 0,22 
511200 0,21 
514800 0,20 
518400 0,20 
522000 0,19 
525600 0,18 
529200 0,18 
532800 0,17 
536400 0,16 
540000 0,16 
543600 0,15 
547200 0,15 
550800 0,14 
554400 0,14 
558000 0,13 
561600 0,13 
565200 0,12 
568800 0,12 
572400 0,11 
576000 0,11 
579600 0,11 
583200 0,10 
586800 0,10 
590400 0,09 
594000 0,09 
597600 0,09 
601200 0,08 
604800 0,08 
608400 0,08 
612000 0,08 
615600 0,07 
619200 0,07 
622800 0,07 
626400 0,07 
630000 0,06 
633600 0,06 
637200 0,06 
640800 0,06 
644400 0,05 
648000 0,05 
651600 0,05 
655200 0,05 
658800 0,05 
662400 0,05 
666000 0,04 
669600 0,04 
673200 0,04 
676800 0,04 
680400 0,04 
684000 0,04 
687600 0,04 
691200 0,03 
694800 0,03 
698400 0,03 
702000 0,03 
705600 0,03 
709200 0,03 
712800 0,03 
716400 0,03 
720000 0,03 
723600 0,02 
727200 0,02 
730800 0,02 
734400 0,02 
738000 0,02 
741600 0,02 
745200 0,02 
748800 0,02 
752400 0,02 
756000 0,02 
759600 0,02 
763200 0,02 
766800 0,02 
770400 0,02 
774000 0,01 
777600 0,01 
781200 0,01 
784800 0,01 
788400 0,01 
792000 0,01 
795600 0,01 
799200 0,01 
802800 0,01 
806400 0,01 
810000 0,01 
813600 0,01 
817200 0,01 
820800 0,01 
824400 0,01 
828000 0,01 
831600 0,01 
835200 0,01 
838800 0,01 
842400 0,01 
846000 0,01 
849600 0,01 
853200 0,01 
856800 0,01 
860400 0,01 
864000 0,01 
867600 0,01 
871200 0,01 
874800 0,01 
878400 0,01 
882000 0,00 
885600 0,00 
889200 0,00 
892800 0,00 
896400 0,00 
900000 0,00 
903600 0,00 
907200 0,00 
910800 0,00 
914400 0,00 
918000 0,00 
921600 0,00 
925200 0,00 
928800 0,00 
932400 0,00 
936000 0,00 
939600 0,00 
943200 0,00 
946800 0,00 
950400 0,00 
954000 0,00 
957600 0,00 
961200 0,00 
964800 0,00 
968400 0,00 
972000 0,00 
975600 0,00 
979200 0,00 
982800 0,00 
986400 0,00 
990000 0,00 
993600 0,00 
997200 0,00 
1000800 0,00 
1004400 0,00 
1008000 0,00 
1011600 0,00 
1015200 0,00 
1018800 0,00 
1022400 0,00 
1026000 0,00 
1029600 0,00 
1033200 0,00 
1036800 0,00 
1040400 0,00 
1044000 0,00 
1047600 0,00 
1051200 0,00 
1054800 0,00 
1058400 0,00 
1062000 0,00 
1065600 0,00 
1069200 0,00 
1072800 0,00 
1076400 0,00 
1080000 0,00 
1083600 0,00 
1087200 0,00 
1090800 0,00 
1094400 0,00 
1098000 0,00 
1101600 0,00 
1105200 0,00 
1108800 0,00 
1112400 0,00 
1116000 0,00 
1119600 0,00 
1123200 0,00 
1126800 0,00 
1130400 0,00 
1134000 0,00 
1137600 0,00 
1141200 0,00 
1144800 0,00 
1148400 0,00 
1152000 0,00 
1155600 0,00 
1159200 0,00 
1162800 0,00 
1166400 0,00 
1170000 0,00 
1173600 0,00 
1177200 0,00 
1180800 0,00 
1184400 0,00 
1188000 0,00 
1191600 0,00 
1195200 0,00 
1198800 0,00 
1202400 0,00 
1206000 0,00 
1209600 0,00 
1213200 0,00 
1216800 0,00 
1220400 0,00 
1224000 0,00 
1227600 0,00 
1231200 0,00 
1234800 0,00 
1238400 0,00 
1242000 0,00 
1245600 0,00 
1249200 0,00 
1252800 0,00 
1256400 0,00 
1260000 0,00 
1263600 0,00 
1267200 0,00 
1270800 0,00 
1274400 0,00 
1278000 0,00 
1281600 0,00 
1285200 0,00 
1288800 0,00 
1292400 0,00 
1296000 0,00 
1299600 0,00 
1303200 0,00 
1306800 0,00 
1310400 0,00 
1314000 0,00 
1317600 0,00 
1321200 0,00 
1324800 0,00 
1328400 0,00 
1332000 0,00 
1335600 0,00 
1339200 0,00 
1342800 0,00 
1346400 0,00 
1350000 0,00 
1353600 0,00 
1357200 0,00 
1360800 0,00 
1364400 0,00 
1368000 0,00 
1371600 0,00 
1375200 0,00 
1378800 0,00 
1382400 0,00 
1386000 0,00 
1389600 0,00 
1393200 0,00 
1396800 0,00 
1400400 0,00 
1404000 0,00 
1407600 0,00 
1411200 0,00 
1414800 0,00 
1418400 0,00 
1422000 0,00 
1425600 0,00 
1429200 0,00 
1432800 0,00 
1436400 0,00 
1440000 0,00 
1443600 0,00 
1447200 0,00 
1450800 0,00 
1454400 0,00 
1458000 0,00 
1461600 0,00 
1465200 0,00 
1468800 0,00 
1472400 0,00 
1476000 0,00 
1479600 0,00 
1483200 0,00 
1486800 0,00 
1490400 0,00 
1494000 0,00 
1497600 0,00 
1501200 0,00 
1504800 0,00 
1508400 0,00 
1512000 0,00 
1515600 0,00 
1519200 0,00 
1522800 0,00 
1526400 0,00 
1530000 0,00 
1533600 0,00 
1537200 0,00 
1540800 0,00 
1544400 0,00 
1548000 0,00 
1551600 0,00 
1555200 0,00 
1558800 0,00 
1562400 0,00 
1566000 0,00 
1569600 0,00 
1573200 0,00 
1576800 0,00 
1580400 0,00 
1584000 0,00 
1587600 0,00 
1591200 0,00 
1594800 0,00 
1598400 0,00 
1602000 0,00 
1605600 0,00 
1609200 0,00 
1612800 0,00 
1616400 0,00 
1620000 0,00 
1623600 0,00 
1627200 0,00 
1630800 0,00 
1634400 0,00 
1638000 0,00 
1641600 0,00 
1645200 0,00 
1648800 0,00 
1652400 0,00 
1656000 0,00 
1659600 0,00 
1663200 0,00 
1666800 0,00 
1670400 0,00 
1674000 0,00 
1677600 0,00 
1681200 0,00 
1684800 0,00 
1688400 0,00 
1692000 0,00 
1695600 0,00 
1699200 0,00 
1702800 0,00 
1706400 0,00 
1710000 0,00 
1713600 0,00 
1717200 0,00 
1720800 0,00 
1724400 0,00 
1728000 0,00 
1731600 0,00 
1735200 0,00 
1738800 0,00 
1742400 0,00 
1746000 0,00 
1749600 0,00 
1753200 0,00 
1756800 0,00 
1760400 0,00 
1764000 0,00 
1767600 0,00 
1771200 0,00 
1774800 0,00 
1778400 0,00 
1782000 0,00 
1785600 0,00 
1789200 0,00 
1792800 0,00 
1796400 0,00 
1800000 0,00 
1803600 0,00 
1807200 0,00 
1810800 0,00 
1814400 0,00 
1818000 0,00 
1821600 0,00 
1825200 0,00 
1828800 0,00 
1832400 0,00 
1836000 0,00 
1839600 0,00 
1843200 0,00 
1846800 0,00 
1850400 0,00 
1854000 0,00 
1857600 0,00 
1861200 0,00 
1864800 0,00 
1868400 0,00 
1872000 0,00 
1875600 0,00 
1879200 0,00 
1882800 0,00 
1886400 0,00 
1890000 0,00 
1893600 0,00 
1897200 0,00 
1900800 0,00 
1904400 0,00 
1908000 0,00 
1911600 0,00 
1915200 0,00 
1918800 0,00 
1922400 0,00 
1926000 0,00 
1929600 0,00 
1933200 0,00 
1936800 0,00 
1940400 0,00 
1944000 0,00 
1947600 0,00 
1951200 0,00 
1954800 0,00 
1958400 0,00 
1962000 0,00 
1965600 0,00 
1969200 0,00 
1972800 0,00 
1976400 0,00 
1980000 0,00 
1983600 0,00 
1987200 0,00 
1990800 0,00 
1994400 0,00 
1998000 0,00 
2001600 0,00 
2005200 0,00 
2008800 0,00 
2012400 0,00 
2016000 0,00 
2019600 0,00 
2023200 0,00 
2026800 0,00 
2030400 0,00 
2034000 0,00 
2037600 0,00 
2041200 0,00 
2044800 0,00 
2048400 0,00 
2052000 0,00 
2055600 0,00 
2059200 0,00 
2062800 0,00 
2066400 0,00 
2070000 0,00 
2073600 0,00 
2077200 0,00 
2080800 0,00 
2084400 0,00 
2088000 0,00 
2091600 0,00 
2095200 0,00 
2098800 0,00 
2102400 0,00 
2106000 0,00 
2109600 0,00 
2113200 0,00 
2116800 0,00 
2120400 0,00 
2124000 0,00 
2127600 0,00 
2131200 0,00 
2134800 0,00 
2138400 0,00 
2142000 0,00 
2145600 0,00 
2149200 0,00 
2152800 0,00 
2156400 0,00 
2160000 0,00 
2163600 0,00 
2167200 0,00 
2170800 0,00 
2174400 0,00 
2178000 0,00 
2181600 0,00 
2185200 0,00 
2188800 0,00 
2192400 0,00 
2196000 0,00 
2199600 0,00 
2203200 0,00 
2206800 0,00 
2210400 0,00 
2214000 0,00 
2217600 0,00 
2221200 0,00 
2224800 0,00 
2228400 0,00 
2232000 0,00 
2235600 0,00 
2239200 0,00 
2242800 0,00 
2246400 0,00 
2250000 0,00 
2253600 0,00 
2257200 0,00 
2260800 0,00 
2264400 0,00 
2268000 0,00 
2271600 0,00 
2275200 0,00 
2278800 0,00 
2282400 0,00 
2286000 0,00 
2289600 0,00 
2293200 0,00 
2296800 0,00 
2300400 0,00 
2304000 0,00 
2307600 0,00 
2311200 0,00 
2314800 0,00 
2318400 0,00 
2322000 0,00 
2325600 0,00 
2329200 0,00 
2332800 0,00 
2336400 0,00 
2340000 0,00 
2343600 0,00 
2347200 0,00 
2350800 0,00 
2354400 0,00 
2358000 0,00 
2361600 0,00 
2365200 0,00 
2368800 0,00 
2372400 0,00 
2376000 0,00 
2379600 0,00 
2383200 0,00 
2386800 0,00 
2390400 0,00 
2394000 0,00 
2397600 0,00 
2401200 0,00 
2404800 0,00 
2408400 0,00 
2412000 0,00 
2415600 0,00 
2419200 0,00 
2422800 0,00 
