"Zeit [s]" "CEM III (HZ) W/m³" 123,35560078148688
0 0 
3600 19250,00 
7200 1375,00 
10800 595,83 
14400 870,83 
18000 1145,83 
21600 1604,17 
25200 2062,50 
28800 2268,75 
32400 2291,67 
36000 2268,75 
39600 2245,83 
43200 2062,50 
46800 1925,00 
50400 1833,33 
54000 1741,67 
57600 1604,17 
61200 1466,67 
64800 1397,92 
68400 1352,08 
72000 1283,33 
75600 1191,67 
79200 1100,00 
82800 1054,17 
86400 1008,33 
90000 962,50 
93600 916,67 
97200 893,75 
100800 870,83 
104400 847,92 
108000 825,00 
111600 802,08 
115200 779,17 
118800 756,25 
122400 733,33 
126000 710,42 
129600 687,50 
133200 664,58 
136800 641,67 
140400 618,75 
144000 595,83 
147600 572,92 
151200 550,00 
154800 527,08 
158400 504,17 
162000 481,25 
165600 458,33 
169200 435,42 
172800 426,25 
176400 421,67 
180000 417,08 
183600 412,50 
187200 380,96 
190800 367,30 
194400 354,14 
198000 341,44 
201600 329,21 
205200 317,41 
208800 306,03 
212400 295,06 
216000 284,49 
219600 274,29 
223200 264,46 
226800 254,98 
230400 245,84 
234000 237,03 
237600 228,53 
241200 220,34 
244800 212,45 
248400 204,83 
252000 197,49 
255600 190,41 
259200 183,59 
262800 177,01 
266400 170,66 
270000 164,54 
273600 158,65 
277200 152,96 
280800 147,48 
284400 142,19 
288000 137,10 
291600 132,18 
295200 127,44 
298800 122,88 
302400 118,47 
306000 114,23 
309600 110,13 
313200 106,18 
316800 102,38 
320400 98,71 
324000 95,17 
327600 91,76 
331200 88,47 
334800 85,30 
338400 82,24 
342000 79,30 
345600 76,45 
349200 73,71 
352800 71,07 
356400 68,52 
360000 66,07 
363600 63,70 
367200 61,42 
370800 59,22 
374400 57,09 
378000 55,05 
381600 53,07 
385200 51,17 
388800 49,34 
392400 47,57 
396000 45,86 
399600 44,22 
403200 42,63 
406800 41,11 
410400 39,63 
414000 38,21 
417600 36,84 
421200 35,52 
424800 34,25 
428400 33,02 
432000 31,84 
435600 30,70 
439200 29,60 
442800 28,54 
446400 27,51 
450000 26,53 
453600 25,58 
457200 24,66 
460800 23,78 
464400 22,92 
468000 22,10 
471600 21,31 
475200 20,55 
478800 19,81 
482400 19,10 
486000 18,42 
489600 17,76 
493200 17,12 
496800 16,51 
500400 15,91 
504000 15,34 
507600 14,79 
511200 14,26 
514800 13,75 
518400 13,26 
522000 12,78 
525600 12,33 
529200 11,88 
532800 11,46 
536400 11,05 
540000 10,65 
543600 10,27 
547200 9,90 
550800 9,55 
554400 9,20 
558000 8,87 
561600 8,56 
565200 8,25 
568800 7,95 
572400 7,67 
576000 7,39 
579600 7,13 
583200 6,87 
586800 6,63 
590400 6,39 
594000 6,16 
597600 5,94 
601200 5,73 
604800 5,52 
608400 5,32 
612000 5,13 
615600 4,95 
619200 4,77 
622800 4,60 
626400 4,44 
630000 4,28 
633600 4,12 
637200 3,98 
640800 3,83 
644400 3,70 
648000 3,56 
651600 3,44 
655200 3,31 
658800 3,19 
662400 3,08 
666000 2,97 
669600 2,86 
673200 2,76 
676800 2,66 
680400 2,57 
684000 2,47 
687600 2,38 
691200 2,30 
694800 2,22 
698400 2,14 
702000 2,06 
705600 1,99 
709200 1,92 
712800 1,85 
716400 1,78 
720000 1,72 
723600 1,66 
727200 1,60 
730800 1,54 
734400 1,48 
738000 1,43 
741600 1,38 
745200 1,33 
748800 1,28 
752400 1,24 
756000 1,19 
759600 1,15 
763200 1,11 
766800 1,07 
770400 1,03 
774000 0,99 
777600 0,96 
781200 0,92 
784800 0,89 
788400 0,86 
792000 0,83 
795600 0,80 
799200 0,77 
802800 0,74 
806400 0,72 
810000 0,69 
813600 0,66 
817200 0,64 
820800 0,62 
824400 0,60 
828000 0,57 
831600 0,55 
835200 0,53 
838800 0,51 
842400 0,50 
846000 0,48 
849600 0,46 
853200 0,44 
856800 0,43 
860400 0,41 
864000 0,40 
867600 0,38 
871200 0,37 
874800 0,36 
878400 0,34 
882000 0,33 
885600 0,32 
889200 0,31 
892800 0,30 
896400 0,29 
900000 0,28 
903600 0,27 
907200 0,26 
910800 0,25 
914400 0,24 
918000 0,23 
921600 0,22 
925200 0,21 
928800 0,21 
932400 0,20 
936000 0,19 
939600 0,19 
943200 0,18 
946800 0,17 
950400 0,17 
954000 0,16 
957600 0,15 
961200 0,15 
964800 0,14 
968400 0,14 
972000 0,13 
975600 0,13 
979200 0,12 
982800 0,12 
986400 0,12 
990000 0,11 
993600 0,11 
997200 0,10 
1000800 0,10 
1004400 0,10 
1008000 0,09 
1011600 0,09 
1015200 0,09 
1018800 0,08 
1022400 0,08 
1026000 0,08 
1029600 0,07 
1033200 0,07 
1036800 0,07 
1040400 0,07 
1044000 0,06 
1047600 0,06 
1051200 0,06 
1054800 0,06 
1058400 0,06 
1062000 0,05 
1065600 0,05 
1069200 0,05 
1072800 0,05 
1076400 0,05 
1080000 0,04 
1083600 0,04 
1087200 0,04 
1090800 0,04 
1094400 0,04 
1098000 0,04 
1101600 0,04 
1105200 0,03 
1108800 0,03 
1112400 0,03 
1116000 0,03 
1119600 0,03 
1123200 0,03 
1126800 0,03 
1130400 0,03 
1134000 0,03 
1137600 0,02 
1141200 0,02 
1144800 0,02 
1148400 0,02 
1152000 0,02 
1155600 0,02 
1159200 0,02 
1162800 0,02 
1166400 0,02 
1170000 0,02 
1173600 0,02 
1177200 0,02 
1180800 0,02 
1184400 0,02 
1188000 0,01 
1191600 0,01 
1195200 0,01 
1198800 0,01 
1202400 0,01 
1206000 0,01 
1209600 0,01 
1213200 0,01 
1216800 0,01 
1220400 0,01 
1224000 0,01 
1227600 0,01 
1231200 0,01 
1234800 0,01 
1238400 0,01 
1242000 0,01 
1245600 0,01 
1249200 0,01 
1252800 0,01 
1256400 0,01 
1260000 0,01 
1263600 0,01 
1267200 0,01 
1270800 0,01 
1274400 0,01 
1278000 0,01 
1281600 0,01 
1285200 0,01 
1288800 0,01 
1292400 0,01 
1296000 0,00 
1299600 0,00 
1303200 0,00 
1306800 0,00 
1310400 0,00 
1314000 0,00 
1317600 0,00 
1321200 0,00 
1324800 0,00 
1328400 0,00 
1332000 0,00 
1335600 0,00 
1339200 0,00 
1342800 0,00 
1346400 0,00 
1350000 0,00 
1353600 0,00 
1357200 0,00 
1360800 0,00 
1364400 0,00 
1368000 0,00 
1371600 0,00 
1375200 0,00 
1378800 0,00 
1382400 0,00 
1386000 0,00 
1389600 0,00 
1393200 0,00 
1396800 0,00 
1400400 0,00 
1404000 0,00 
1407600 0,00 
1411200 0,00 
1414800 0,00 
1418400 0,00 
1422000 0,00 
1425600 0,00 
1429200 0,00 
1432800 0,00 
1436400 0,00 
1440000 0,00 
1443600 0,00 
1447200 0,00 
1450800 0,00 
1454400 0,00 
1458000 0,00 
1461600 0,00 
1465200 0,00 
1468800 0,00 
1472400 0,00 
1476000 0,00 
1479600 0,00 
1483200 0,00 
1486800 0,00 
1490400 0,00 
1494000 0,00 
1497600 0,00 
1501200 0,00 
1504800 0,00 
1508400 0,00 
1512000 0,00 
1515600 0,00 
1519200 0,00 
1522800 0,00 
1526400 0,00 
1530000 0,00 
1533600 0,00 
1537200 0,00 
1540800 0,00 
1544400 0,00 
1548000 0,00 
1551600 0,00 
1555200 0,00 
1558800 0,00 
1562400 0,00 
1566000 0,00 
1569600 0,00 
1573200 0,00 
1576800 0,00 
1580400 0,00 
1584000 0,00 
1587600 0,00 
1591200 0,00 
1594800 0,00 
1598400 0,00 
1602000 0,00 
1605600 0,00 
1609200 0,00 
1612800 0,00 
1616400 0,00 
1620000 0,00 
1623600 0,00 
1627200 0,00 
1630800 0,00 
1634400 0,00 
1638000 0,00 
1641600 0,00 
1645200 0,00 
1648800 0,00 
1652400 0,00 
1656000 0,00 
1659600 0,00 
1663200 0,00 
1666800 0,00 
1670400 0,00 
1674000 0,00 
1677600 0,00 
1681200 0,00 
1684800 0,00 
1688400 0,00 
1692000 0,00 
1695600 0,00 
1699200 0,00 
1702800 0,00 
1706400 0,00 
1710000 0,00 
1713600 0,00 
1717200 0,00 
1720800 0,00 
1724400 0,00 
1728000 0,00 
1731600 0,00 
1735200 0,00 
1738800 0,00 
1742400 0,00 
1746000 0,00 
1749600 0,00 
1753200 0,00 
1756800 0,00 
1760400 0,00 
1764000 0,00 
1767600 0,00 
1771200 0,00 
1774800 0,00 
1778400 0,00 
1782000 0,00 
1785600 0,00 
1789200 0,00 
1792800 0,00 
1796400 0,00 
1800000 0,00 
1803600 0,00 
1807200 0,00 
1810800 0,00 
1814400 0,00 
1818000 0,00 
1821600 0,00 
1825200 0,00 
1828800 0,00 
1832400 0,00 
1836000 0,00 
1839600 0,00 
1843200 0,00 
1846800 0,00 
1850400 0,00 
1854000 0,00 
1857600 0,00 
1861200 0,00 
1864800 0,00 
1868400 0,00 
1872000 0,00 
1875600 0,00 
1879200 0,00 
1882800 0,00 
1886400 0,00 
1890000 0,00 
1893600 0,00 
1897200 0,00 
1900800 0,00 
1904400 0,00 
1908000 0,00 
1911600 0,00 
1915200 0,00 
1918800 0,00 
1922400 0,00 
1926000 0,00 
1929600 0,00 
1933200 0,00 
1936800 0,00 
1940400 0,00 
1944000 0,00 
1947600 0,00 
1951200 0,00 
1954800 0,00 
1958400 0,00 
1962000 0,00 
1965600 0,00 
1969200 0,00 
1972800 0,00 
1976400 0,00 
1980000 0,00 
1983600 0,00 
1987200 0,00 
1990800 0,00 
1994400 0,00 
1998000 0,00 
2001600 0,00 
2005200 0,00 
2008800 0,00 
2012400 0,00 
2016000 0,00 
2019600 0,00 
2023200 0,00 
2026800 0,00 
2030400 0,00 
2034000 0,00 
2037600 0,00 
2041200 0,00 
2044800 0,00 
2048400 0,00 
2052000 0,00 
2055600 0,00 
2059200 0,00 
2062800 0,00 
2066400 0,00 
2070000 0,00 
2073600 0,00 
2077200 0,00 
2080800 0,00 
2084400 0,00 
2088000 0,00 
2091600 0,00 
2095200 0,00 
2098800 0,00 
2102400 0,00 
2106000 0,00 
2109600 0,00 
2113200 0,00 
2116800 0,00 
2120400 0,00 
2124000 0,00 
2127600 0,00 
2131200 0,00 
2134800 0,00 
2138400 0,00 
2142000 0,00 
2145600 0,00 
2149200 0,00 
2152800 0,00 
2156400 0,00 
2160000 0,00 
2163600 0,00 
2167200 0,00 
2170800 0,00 
2174400 0,00 
2178000 0,00 
2181600 0,00 
2185200 0,00 
2188800 0,00 
2192400 0,00 
2196000 0,00 
2199600 0,00 
2203200 0,00 
2206800 0,00 
2210400 0,00 
2214000 0,00 
2217600 0,00 
2221200 0,00 
2224800 0,00 
2228400 0,00 
2232000 0,00 
2235600 0,00 
2239200 0,00 
2242800 0,00 
2246400 0,00 
2250000 0,00 
2253600 0,00 
2257200 0,00 
2260800 0,00 
2264400 0,00 
2268000 0,00 
2271600 0,00 
2275200 0,00 
2278800 0,00 
2282400 0,00 
2286000 0,00 
2289600 0,00 
2293200 0,00 
2296800 0,00 
2300400 0,00 
2304000 0,00 
2307600 0,00 
2311200 0,00 
2314800 0,00 
2318400 0,00 
2322000 0,00 
2325600 0,00 
2329200 0,00 
2332800 0,00 
2336400 0,00 
2340000 0,00 
2343600 0,00 
2347200 0,00 
2350800 0,00 
2354400 0,00 
2358000 0,00 
2361600 0,00 
2365200 0,00 
2368800 0,00 
2372400 0,00 
2376000 0,00 
2379600 0,00 
2383200 0,00 
2386800 0,00 
2390400 0,00 
2394000 0,00 
2397600 0,00 
2401200 0,00 
2404800 0,00 
2408400 0,00 
2412000 0,00 
2415600 0,00 
2419200 0,00 
2422800 0,00 
